1 	 14 	 gene14 	 0.349
2 	 377 	 gene377 	 0.331
3 	 493 	 gene493 	 0.321
4 	 1917 	 gene1917 	 0.306
5 	 765 	 gene765 	 0.295
6 	 249 	 gene249 	 0.273
7 	 625 	 gene625 	 0.273
8 	 1771 	 gene1771 	 0.271
9 	 1671 	 gene1671 	 0.269
10 	 841 	 gene841 	 0.267
1 	 14 	 gene14 	 0.349
2 	 852 	 gene852 	 3.213
3 	 1917 	 gene1917 	 2.009
4 	 377 	 gene377 	 1.968
5 	 1494 	 gene1494 	 1.562
6 	 1668 	 gene1668 	 1.561
7 	 493 	 gene493 	 1.539
8 	 1892 	 gene1892 	 1.476
9 	 1047 	 gene1047 	 1.497
10 	 841 	 gene841 	 1.455