1 	 1635 	 gene1635 	 0.430
2 	 377 	 gene377 	 0.429
3 	 493 	 gene493 	 0.423
4 	 249 	 gene249 	 0.395
5 	 1843 	 gene1843 	 0.386
6 	 765 	 gene765 	 0.367
7 	 1042 	 gene1042 	 0.356
8 	 1423 	 gene1423 	 0.344
9 	 391 	 gene391 	 0.326
10 	 739 	 gene739 	 0.315
1 	 1635 	 gene1635 	 0.430
2 	 1014 	 gene1014 	 0.196
3 	 377 	 gene377 	 0.188
4 	 453 	 gene453 	 0.140
5 	 979 	 gene979 	 0.128
6 	 1843 	 gene1843 	 0.136
7 	 493 	 gene493 	 0.109
8 	 1256 	 gene1256 	 0.082
9 	 1042 	 gene1042 	 0.088
10 	 1370 	 gene1370 	 0.089