1 	 1635 	 gene1635 	 0.430
2 	 377 	 gene377 	 0.429
3 	 493 	 gene493 	 0.423
4 	 249 	 gene249 	 0.395
5 	 1843 	 gene1843 	 0.386
6 	 765 	 gene765 	 0.367
7 	 1042 	 gene1042 	 0.356
8 	 1423 	 gene1423 	 0.344
9 	 391 	 gene391 	 0.326
10 	 739 	 gene739 	 0.315
11 	 1772 	 gene1772 	 0.315
12 	 625 	 gene625 	 0.305
13 	 1892 	 gene1892 	 0.304
14 	 812 	 gene812 	 0.293
15 	 979 	 gene979 	 0.292
16 	 245 	 gene245 	 0.291
17 	 267 	 gene267 	 0.291
18 	 1582 	 gene1582 	 0.291
19 	 1494 	 gene1494 	 0.284
20 	 1771 	 gene1771 	 0.284
21 	 897 	 gene897 	 0.280
22 	 964 	 gene964 	 0.276
23 	 513 	 gene513 	 0.275
24 	 1387 	 gene1387 	 0.275
25 	 1256 	 gene1256 	 0.274
26 	 1196 	 gene1196 	 0.273
27 	 1247 	 gene1247 	 0.273
28 	 1897 	 gene1897 	 0.273
29 	 1004 	 gene1004 	 0.269
30 	 1884 	 gene1884 	 0.269
1 	 1635 	 gene1635 	 0.430
2 	 1014 	 gene1014 	 0.196
3 	 377 	 gene377 	 0.188
4 	 453 	 gene453 	 0.140
5 	 979 	 gene979 	 0.128
6 	 1843 	 gene1843 	 0.136
7 	 493 	 gene493 	 0.109
8 	 1256 	 gene1256 	 0.082
9 	 1042 	 gene1042 	 0.088
10 	 1370 	 gene1370 	 0.089
11 	 1196 	 gene1196 	 0.100
12 	 639 	 gene639 	 0.103
13 	 391 	 gene391 	 0.103
14 	 1772 	 gene1772 	 0.101
15 	 1004 	 gene1004 	 0.091
16 	 739 	 gene739 	 0.089
17 	 625 	 gene625 	 0.096
18 	 1473 	 gene1473 	 0.084
19 	 765 	 gene765 	 0.093
20 	 1546 	 gene1546 	 0.087
21 	 1668 	 gene1668 	 0.085
22 	 1892 	 gene1892 	 0.078
23 	 972 	 gene972 	 0.073
24 	 1884 	 gene1884 	 0.078
25 	 419 	 gene419 	 0.074
26 	 1582 	 gene1582 	 0.077
27 	 698 	 gene698 	 0.079
28 	 249 	 gene249 	 0.075
29 	 1799 	 gene1799 	 0.072
30 	 286 	 gene286 	 0.065