1 	 1635 	 gene1635 	 0.430
2 	 377 	 gene377 	 0.429
3 	 493 	 gene493 	 0.423
4 	 249 	 gene249 	 0.395
5 	 1843 	 gene1843 	 0.386
6 	 765 	 gene765 	 0.367
7 	 1042 	 gene1042 	 0.356
8 	 1423 	 gene1423 	 0.344
9 	 391 	 gene391 	 0.326
10 	 739 	 gene739 	 0.315
11 	 1772 	 gene1772 	 0.315
12 	 625 	 gene625 	 0.305
13 	 1892 	 gene1892 	 0.304
14 	 812 	 gene812 	 0.293
15 	 979 	 gene979 	 0.292
16 	 245 	 gene245 	 0.291
17 	 267 	 gene267 	 0.291
18 	 1582 	 gene1582 	 0.291
19 	 1494 	 gene1494 	 0.284
20 	 1771 	 gene1771 	 0.284
21 	 897 	 gene897 	 0.280
22 	 964 	 gene964 	 0.276
23 	 513 	 gene513 	 0.275
24 	 1387 	 gene1387 	 0.275
25 	 1256 	 gene1256 	 0.274
26 	 1196 	 gene1196 	 0.273
27 	 1247 	 gene1247 	 0.273
28 	 1897 	 gene1897 	 0.273
29 	 1004 	 gene1004 	 0.269
30 	 1884 	 gene1884 	 0.269
31 	 138 	 gene138 	 0.268
32 	 14 	 gene14 	 0.266
33 	 780 	 gene780 	 0.264
34 	 1014 	 gene1014 	 0.262
35 	 453 	 gene453 	 0.258
36 	 1406 	 gene1406 	 0.257
37 	 1411 	 gene1411 	 0.255
38 	 639 	 gene639 	 0.252
39 	 561 	 gene561 	 0.251
40 	 286 	 gene286 	 0.248
41 	 824 	 gene824 	 0.246
42 	 1967 	 gene1967 	 0.245
43 	 1334 	 gene1334 	 0.245
44 	 137 	 gene137 	 0.240
45 	 1473 	 gene1473 	 0.239
46 	 1614 	 gene1614 	 0.237
47 	 187 	 gene187 	 0.235
48 	 1546 	 gene1546 	 0.234
49 	 1674 	 gene1674 	 0.233
50 	 992 	 gene992 	 0.232
51 	 411 	 gene411 	 0.231
52 	 1730 	 gene1730 	 0.231
53 	 822 	 gene822 	 0.231
54 	 698 	 gene698 	 0.230
55 	 1511 	 gene1511 	 0.229
56 	 1263 	 gene1263 	 0.227
57 	 581 	 gene581 	 0.226
58 	 66 	 gene66 	 0.226
59 	 1959 	 gene1959 	 0.225
60 	 1648 	 gene1648 	 0.224
61 	 365 	 gene365 	 0.222
62 	 40 	 gene40 	 0.222
63 	 41 	 gene41 	 0.222
64 	 42 	 gene42 	 0.222
65 	 39 	 gene39 	 0.222
66 	 1668 	 gene1668 	 0.222
67 	 111 	 gene111 	 0.220
68 	 548 	 gene548 	 0.217
69 	 1353 	 gene1353 	 0.216
70 	 419 	 gene419 	 0.216
71 	 571 	 gene571 	 0.215
72 	 1421 	 gene1421 	 0.214
73 	 1770 	 gene1770 	 0.214
74 	 1111 	 gene1111 	 0.213
75 	 1451 	 gene1451 	 0.212
76 	 1974 	 gene1974 	 0.211
77 	 1153 	 gene1153 	 0.210
78 	 415 	 gene415 	 0.210
79 	 1244 	 gene1244 	 0.209
80 	 1060 	 gene1060 	 0.209
81 	 802 	 gene802 	 0.208
82 	 1839 	 gene1839 	 0.208
83 	 1285 	 gene1285 	 0.208
84 	 26 	 gene26 	 0.207
85 	 1912 	 gene1912 	 0.206
86 	 1194 	 gene1194 	 0.205
87 	 892 	 gene892 	 0.204
88 	 1325 	 gene1325 	 0.204
89 	 67 	 gene67 	 0.203
90 	 994 	 gene994 	 0.202
91 	 62 	 gene62 	 0.201
92 	 772 	 gene772 	 0.200
93 	 1943 	 gene1943 	 0.199
94 	 1414 	 gene1414 	 0.198
95 	 359 	 gene359 	 0.198
96 	 1873 	 gene1873 	 0.197
97 	 1209 	 gene1209 	 0.196
98 	 1574 	 gene1574 	 0.194
99 	 1887 	 gene1887 	 0.192
100 	 1549 	 gene1549 	 0.190
1 	 1635 	 gene1635 	 0.430
2 	 1014 	 gene1014 	 0.196
3 	 377 	 gene377 	 0.188
4 	 453 	 gene453 	 0.140
5 	 979 	 gene979 	 0.128
6 	 1843 	 gene1843 	 0.136
7 	 493 	 gene493 	 0.109
8 	 1256 	 gene1256 	 0.082
9 	 1042 	 gene1042 	 0.088
10 	 1370 	 gene1370 	 0.089
11 	 1196 	 gene1196 	 0.100
12 	 639 	 gene639 	 0.103
13 	 391 	 gene391 	 0.103
14 	 1772 	 gene1772 	 0.101
15 	 1004 	 gene1004 	 0.091
16 	 739 	 gene739 	 0.089
17 	 625 	 gene625 	 0.096
18 	 1473 	 gene1473 	 0.084
19 	 765 	 gene765 	 0.093
20 	 1546 	 gene1546 	 0.087
21 	 1668 	 gene1668 	 0.085
22 	 1892 	 gene1892 	 0.078
23 	 972 	 gene972 	 0.073
24 	 1884 	 gene1884 	 0.078
25 	 419 	 gene419 	 0.074
26 	 1582 	 gene1582 	 0.077
27 	 698 	 gene698 	 0.079
28 	 249 	 gene249 	 0.075
29 	 1799 	 gene1799 	 0.072
30 	 286 	 gene286 	 0.065
31 	 1353 	 gene1353 	 0.064
32 	 1912 	 gene1912 	 0.064
33 	 897 	 gene897 	 0.067
34 	 1549 	 gene1549 	 0.066
35 	 581 	 gene581 	 0.069
36 	 14 	 gene14 	 0.063
37 	 1325 	 gene1325 	 0.064
38 	 137 	 gene137 	 0.066
39 	 1154 	 gene1154 	 0.065
40 	 1970 	 gene1970 	 0.063
41 	 1411 	 gene1411 	 0.064
42 	 1924 	 gene1924 	 0.061
43 	 1334 	 gene1334 	 0.064
44 	 1959 	 gene1959 	 0.062
45 	 1387 	 gene1387 	 0.061
46 	 627 	 gene627 	 0.058
47 	 1423 	 gene1423 	 0.058
48 	 1451 	 gene1451 	 0.056
49 	 1406 	 gene1406 	 0.055
50 	 1870 	 gene1870 	 0.054
51 	 1771 	 gene1771 	 0.055
52 	 411 	 gene411 	 0.055
53 	 732 	 gene732 	 0.051
54 	 812 	 gene812 	 0.053
55 	 564 	 gene564 	 0.050
56 	 1058 	 gene1058 	 0.050
57 	 772 	 gene772 	 0.051
58 	 1967 	 gene1967 	 0.052
59 	 766 	 gene766 	 0.051
60 	 513 	 gene513 	 0.052
61 	 1894 	 gene1894 	 0.049
62 	 561 	 gene561 	 0.048
63 	 1366 	 gene1366 	 0.047
64 	 1032 	 gene1032 	 0.049
65 	 1897 	 gene1897 	 0.048
66 	 1347 	 gene1347 	 0.048
67 	 1943 	 gene1943 	 0.046
68 	 359 	 gene359 	 0.047
69 	 1887 	 gene1887 	 0.045
70 	 1209 	 gene1209 	 0.044
71 	 1247 	 gene1247 	 0.044
72 	 1231 	 gene1231 	 0.044
73 	 1534 	 gene1534 	 0.045
74 	 138 	 gene138 	 0.046
75 	 1803 	 gene1803 	 0.043
76 	 245 	 gene245 	 0.042
77 	 187 	 gene187 	 0.040
78 	 345 	 gene345 	 0.040
79 	 1372 	 gene1372 	 0.040
80 	 807 	 gene807 	 0.040
81 	 1810 	 gene1810 	 0.040
82 	 780 	 gene780 	 0.041
83 	 1328 	 gene1328 	 0.041
84 	 66 	 gene66 	 0.040
85 	 1346 	 gene1346 	 0.041
86 	 365 	 gene365 	 0.040
87 	 1727 	 gene1727 	 0.040
88 	 1574 	 gene1574 	 0.040
89 	 1210 	 gene1210 	 0.040
90 	 354 	 gene354 	 0.041
91 	 1730 	 gene1730 	 0.041
92 	 1244 	 gene1244 	 0.041
93 	 1839 	 gene1839 	 0.040
94 	 1326 	 gene1326 	 0.040
95 	 1671 	 gene1671 	 0.041
96 	 67 	 gene67 	 0.041
97 	 1108 	 gene1108 	 0.039
98 	 1836 	 gene1836 	 0.040
99 	 1466 	 gene1466 	 0.040
100 	 964 	 gene964 	 0.040