1 	 14 	 gene14 	 0.349
2 	 377 	 gene377 	 0.331
3 	 493 	 gene493 	 0.321
4 	 1917 	 gene1917 	 0.306
5 	 765 	 gene765 	 0.295
6 	 249 	 gene249 	 0.273
7 	 625 	 gene625 	 0.273
8 	 1771 	 gene1771 	 0.271
9 	 1671 	 gene1671 	 0.269
10 	 841 	 gene841 	 0.267
11 	 1423 	 gene1423 	 0.266
12 	 1047 	 gene1047 	 0.263
13 	 1892 	 gene1892 	 0.259
14 	 419 	 gene419 	 0.257
15 	 1293 	 gene1293 	 0.253
16 	 822 	 gene822 	 0.252
17 	 1674 	 gene1674 	 0.249
18 	 267 	 gene267 	 0.249
19 	 1400 	 gene1400 	 0.246
20 	 892 	 gene892 	 0.246
21 	 66 	 gene66 	 0.240
22 	 1884 	 gene1884 	 0.240
23 	 581 	 gene581 	 0.237
24 	 1597 	 gene1597 	 0.237
25 	 245 	 gene245 	 0.233
26 	 513 	 gene513 	 0.231
27 	 1153 	 gene1153 	 0.231
28 	 67 	 gene67 	 0.230
29 	 1494 	 gene1494 	 0.229
30 	 415 	 gene415 	 0.229
31 	 1416 	 gene1416 	 0.228
32 	 1635 	 gene1635 	 0.226
33 	 391 	 gene391 	 0.226
34 	 1873 	 gene1873 	 0.223
35 	 824 	 gene824 	 0.221
36 	 1772 	 gene1772 	 0.221
37 	 1534 	 gene1534 	 0.221
38 	 1946 	 gene1946 	 0.217
39 	 1472 	 gene1472 	 0.217
40 	 1388 	 gene1388 	 0.216
41 	 1511 	 gene1511 	 0.215
42 	 1058 	 gene1058 	 0.215
43 	 1758 	 gene1758 	 0.215
44 	 111 	 gene111 	 0.215
45 	 1115 	 gene1115 	 0.214
46 	 1231 	 gene1231 	 0.213
47 	 1730 	 gene1730 	 0.213
48 	 561 	 gene561 	 0.212
49 	 1168 	 gene1168 	 0.212
50 	 1924 	 gene1924 	 0.207
51 	 1634 	 gene1634 	 0.205
52 	 1838 	 gene1838 	 0.204
53 	 75 	 gene75 	 0.202
54 	 1346 	 gene1346 	 0.202
55 	 1111 	 gene1111 	 0.201
56 	 1256 	 gene1256 	 0.200
57 	 882 	 gene882 	 0.196
58 	 622 	 gene622 	 0.196
59 	 1959 	 gene1959 	 0.194
60 	 1972 	 gene1972 	 0.193
61 	 1372 	 gene1372 	 0.193
62 	 411 	 gene411 	 0.192
63 	 187 	 gene187 	 0.192
64 	 772 	 gene772 	 0.191
65 	 1672 	 gene1672 	 0.190
66 	 1982 	 gene1982 	 0.189
67 	 992 	 gene992 	 0.189
68 	 779 	 gene779 	 0.189
69 	 639 	 gene639 	 0.188
70 	 834 	 gene834 	 0.187
71 	 1867 	 gene1867 	 0.184
72 	 1406 	 gene1406 	 0.184
73 	 1060 	 gene1060 	 0.184
74 	 1184 	 gene1184 	 0.183
75 	 1897 	 gene1897 	 0.183
76 	 136 	 gene136 	 0.182
77 	 1967 	 gene1967 	 0.180
78 	 1042 	 gene1042 	 0.180
79 	 1651 	 gene1651 	 0.178
80 	 1451 	 gene1451 	 0.178
81 	 758 	 gene758 	 0.177
82 	 1560 	 gene1560 	 0.177
83 	 1679 	 gene1679 	 0.177
84 	 143 	 gene143 	 0.176
85 	 529 	 gene529 	 0.175
86 	 648 	 gene648 	 0.175
87 	 281 	 gene281 	 0.175
88 	 1048 	 gene1048 	 0.175
89 	 837 	 gene837 	 0.175
90 	 970 	 gene970 	 0.174
91 	 624 	 gene624 	 0.174
92 	 1334 	 gene1334 	 0.173
93 	 1473 	 gene1473 	 0.173
94 	 119 	 gene119 	 0.170
95 	 1570 	 gene1570 	 0.170
96 	 852 	 gene852 	 0.170
97 	 399 	 gene399 	 0.170
98 	 1920 	 gene1920 	 0.170
99 	 1599 	 gene1599 	 0.169
100 	 1381 	 gene1381 	 0.169
1 	 14 	 gene14 	 0.349
2 	 852 	 gene852 	 3.213
3 	 1917 	 gene1917 	 2.009
4 	 377 	 gene377 	 1.968
5 	 1494 	 gene1494 	 1.562
6 	 1668 	 gene1668 	 1.561
7 	 493 	 gene493 	 1.539
8 	 1892 	 gene1892 	 1.476
9 	 1047 	 gene1047 	 1.497
10 	 841 	 gene841 	 1.455
11 	 1671 	 gene1671 	 1.470
12 	 625 	 gene625 	 1.457
13 	 1416 	 gene1416 	 1.465
14 	 765 	 gene765 	 1.400
15 	 1400 	 gene1400 	 1.339
16 	 1758 	 gene1758 	 1.341
17 	 822 	 gene822 	 1.329
18 	 1048 	 gene1048 	 1.345
19 	 67 	 gene67 	 1.368
20 	 1372 	 gene1372 	 1.330
21 	 1772 	 gene1772 	 1.318
22 	 581 	 gene581 	 1.326
23 	 892 	 gene892 	 1.286
24 	 1388 	 gene1388 	 1.286
25 	 1293 	 gene1293 	 1.293
26 	 1534 	 gene1534 	 1.294
27 	 513 	 gene513 	 1.266
28 	 1423 	 gene1423 	 1.261
29 	 1597 	 gene1597 	 1.264
30 	 419 	 gene419 	 1.248
31 	 1042 	 gene1042 	 1.251
32 	 249 	 gene249 	 1.259
33 	 1873 	 gene1873 	 1.228
34 	 1381 	 gene1381 	 1.214
35 	 1153 	 gene1153 	 1.226
36 	 1115 	 gene1115 	 1.234
37 	 1771 	 gene1771 	 1.230
38 	 1884 	 gene1884 	 1.196
39 	 1672 	 gene1672 	 1.195
40 	 657 	 gene657 	 1.194
41 	 1838 	 gene1838 	 1.209
42 	 1570 	 gene1570 	 1.204
43 	 515 	 gene515 	 1.181
44 	 66 	 gene66 	 1.179
45 	 1674 	 gene1674 	 1.183
46 	 1924 	 gene1924 	 1.184
47 	 1451 	 gene1451 	 1.158
48 	 317 	 gene317 	 1.158
49 	 267 	 gene267 	 1.162
50 	 639 	 gene639 	 1.157
51 	 1635 	 gene1635 	 1.157
52 	 391 	 gene391 	 1.159
53 	 837 	 gene837 	 1.147
54 	 1334 	 gene1334 	 1.137
55 	 1887 	 gene1887 	 1.143
56 	 99 	 gene99 	 1.146
57 	 1473 	 gene1473 	 1.148
58 	 834 	 gene834 	 1.149
59 	 1346 	 gene1346 	 1.147
60 	 622 	 gene622 	 1.150
61 	 1472 	 gene1472 	 1.138
62 	 245 	 gene245 	 1.136
63 	 1401 	 gene1401 	 1.123
64 	 1990 	 gene1990 	 1.121
65 	 758 	 gene758 	 1.132
66 	 75 	 gene75 	 1.134
67 	 415 	 gene415 	 1.124
68 	 1168 	 gene1168 	 1.114
69 	 187 	 gene187 	 1.104
70 	 1599 	 gene1599 	 1.103
71 	 1058 	 gene1058 	 1.110
72 	 1634 	 gene1634 	 1.103
73 	 772 	 gene772 	 1.097
74 	 980 	 gene980 	 1.103
75 	 1946 	 gene1946 	 1.105
76 	 1060 	 gene1060 	 1.083
77 	 1920 	 gene1920 	 1.083
78 	 359 	 gene359 	 1.082
79 	 1679 	 gene1679 	 1.080
80 	 561 	 gene561 	 1.076
81 	 529 	 gene529 	 1.067
82 	 1730 	 gene1730 	 1.074
83 	 941 	 gene941 	 1.065
84 	 1967 	 gene1967 	 1.068
85 	 119 	 gene119 	 1.061
86 	 1231 	 gene1231 	 1.064
87 	 111 	 gene111 	 1.057
88 	 1331 	 gene1331 	 1.056
89 	 1256 	 gene1256 	 1.050
90 	 648 	 gene648 	 1.054
91 	 1968 	 gene1968 	 1.046
92 	 1867 	 gene1867 	 1.044
93 	 1511 	 gene1511 	 1.047
94 	 698 	 gene698 	 1.036
95 	 824 	 gene824 	 1.027
96 	 1972 	 gene1972 	 1.018
97 	 1546 	 gene1546 	 1.021
98 	 1184 	 gene1184 	 1.020
99 	 679 	 gene679 	 1.013
100 	 882 	 gene882 	 1.012