1 	 1635 	 gene1635 	 0.430
2 	 377 	 gene377 	 0.429
3 	 493 	 gene493 	 0.423
4 	 249 	 gene249 	 0.395
5 	 1843 	 gene1843 	 0.386
6 	 765 	 gene765 	 0.367
7 	 1042 	 gene1042 	 0.356
8 	 1423 	 gene1423 	 0.344
9 	 391 	 gene391 	 0.326
10 	 739 	 gene739 	 0.315
1 	 1635 	 gene1635 	 0.430
2 	 1328 	 gene1328 	 4.692
3 	 1014 	 gene1014 	 4.025
4 	 1370 	 gene1370 	 2.718
5 	 377 	 gene377 	 2.557
6 	 1154 	 gene1154 	 2.325
7 	 1325 	 gene1325 	 2.158
8 	 1004 	 gene1004 	 2.329
9 	 972 	 gene972 	 1.987
10 	 1256 	 gene1256 	 1.993