1 	 14 	 gene14 	 0.349
2 	 377 	 gene377 	 0.331
3 	 493 	 gene493 	 0.321
4 	 1917 	 gene1917 	 0.306
5 	 765 	 gene765 	 0.295
6 	 249 	 gene249 	 0.273
7 	 625 	 gene625 	 0.273
8 	 1771 	 gene1771 	 0.271
9 	 1671 	 gene1671 	 0.269
10 	 841 	 gene841 	 0.267
11 	 1423 	 gene1423 	 0.266
12 	 1047 	 gene1047 	 0.263
13 	 1892 	 gene1892 	 0.259
14 	 419 	 gene419 	 0.257
15 	 1293 	 gene1293 	 0.253
16 	 822 	 gene822 	 0.252
17 	 1674 	 gene1674 	 0.249
18 	 267 	 gene267 	 0.249
19 	 1400 	 gene1400 	 0.246
20 	 892 	 gene892 	 0.246
1 	 14 	 gene14 	 0.349
2 	 1917 	 gene1917 	 0.146
3 	 377 	 gene377 	 0.143
4 	 765 	 gene765 	 0.084
5 	 841 	 gene841 	 0.073
6 	 1671 	 gene1671 	 0.078
7 	 892 	 gene892 	 0.074
8 	 493 	 gene493 	 0.067
9 	 1047 	 gene1047 	 0.067
10 	 822 	 gene822 	 0.068
11 	 625 	 gene625 	 0.069
12 	 1416 	 gene1416 	 0.066
13 	 1873 	 gene1873 	 0.061
14 	 1597 	 gene1597 	 0.055
15 	 1892 	 gene1892 	 0.053
16 	 1400 	 gene1400 	 0.047
17 	 67 	 gene67 	 0.047
18 	 1293 	 gene1293 	 0.042
19 	 1388 	 gene1388 	 0.044
20 	 1423 	 gene1423 	 0.041