1 	 14 	 gene14 	 0.349
2 	 377 	 gene377 	 0.331
3 	 493 	 gene493 	 0.321
4 	 1917 	 gene1917 	 0.306
5 	 765 	 gene765 	 0.295
6 	 249 	 gene249 	 0.273
7 	 625 	 gene625 	 0.273
8 	 1771 	 gene1771 	 0.271
9 	 1671 	 gene1671 	 0.269
10 	 841 	 gene841 	 0.267
1 	 14 	 gene14 	 0.349
2 	 1917 	 gene1917 	 0.146
3 	 377 	 gene377 	 0.143
4 	 765 	 gene765 	 0.084
5 	 841 	 gene841 	 0.073
6 	 1671 	 gene1671 	 0.078
7 	 892 	 gene892 	 0.074
8 	 493 	 gene493 	 0.067
9 	 1047 	 gene1047 	 0.067
10 	 822 	 gene822 	 0.068