1 	 1635 	 gene1635 	 0.430
2 	 377 	 gene377 	 0.429
3 	 493 	 gene493 	 0.423
4 	 249 	 gene249 	 0.395
5 	 1843 	 gene1843 	 0.386
6 	 765 	 gene765 	 0.367
7 	 1042 	 gene1042 	 0.356
8 	 1423 	 gene1423 	 0.344
9 	 391 	 gene391 	 0.326
10 	 739 	 gene739 	 0.315
11 	 1772 	 gene1772 	 0.315
12 	 625 	 gene625 	 0.305
13 	 1892 	 gene1892 	 0.304
14 	 812 	 gene812 	 0.293
15 	 979 	 gene979 	 0.292
16 	 245 	 gene245 	 0.291
17 	 267 	 gene267 	 0.291
18 	 1582 	 gene1582 	 0.291
19 	 1494 	 gene1494 	 0.284
20 	 1771 	 gene1771 	 0.284
21 	 897 	 gene897 	 0.280
22 	 964 	 gene964 	 0.276
23 	 513 	 gene513 	 0.275
24 	 1387 	 gene1387 	 0.275
25 	 1256 	 gene1256 	 0.274
26 	 1196 	 gene1196 	 0.273
27 	 1247 	 gene1247 	 0.273
28 	 1897 	 gene1897 	 0.273
29 	 1004 	 gene1004 	 0.269
30 	 1884 	 gene1884 	 0.269
31 	 138 	 gene138 	 0.268
32 	 14 	 gene14 	 0.266
33 	 780 	 gene780 	 0.264
34 	 1014 	 gene1014 	 0.262
35 	 453 	 gene453 	 0.258
36 	 1406 	 gene1406 	 0.257
37 	 1411 	 gene1411 	 0.255
38 	 639 	 gene639 	 0.252
39 	 561 	 gene561 	 0.251
40 	 286 	 gene286 	 0.248
41 	 824 	 gene824 	 0.246
42 	 1967 	 gene1967 	 0.245
43 	 1334 	 gene1334 	 0.245
44 	 137 	 gene137 	 0.240
45 	 1473 	 gene1473 	 0.239
46 	 1614 	 gene1614 	 0.237
47 	 187 	 gene187 	 0.235
48 	 1546 	 gene1546 	 0.234
49 	 1674 	 gene1674 	 0.233
50 	 992 	 gene992 	 0.232
51 	 411 	 gene411 	 0.231
52 	 1730 	 gene1730 	 0.231
53 	 822 	 gene822 	 0.231
54 	 698 	 gene698 	 0.230
55 	 1511 	 gene1511 	 0.229
56 	 1263 	 gene1263 	 0.227
57 	 581 	 gene581 	 0.226
58 	 66 	 gene66 	 0.226
59 	 1959 	 gene1959 	 0.225
60 	 1648 	 gene1648 	 0.224
61 	 365 	 gene365 	 0.222
62 	 40 	 gene40 	 0.222
63 	 41 	 gene41 	 0.222
64 	 42 	 gene42 	 0.222
65 	 39 	 gene39 	 0.222
66 	 1668 	 gene1668 	 0.222
67 	 111 	 gene111 	 0.220
68 	 548 	 gene548 	 0.217
69 	 1353 	 gene1353 	 0.216
70 	 419 	 gene419 	 0.216
71 	 571 	 gene571 	 0.215
72 	 1421 	 gene1421 	 0.214
73 	 1770 	 gene1770 	 0.214
74 	 1111 	 gene1111 	 0.213
75 	 1451 	 gene1451 	 0.212
76 	 1974 	 gene1974 	 0.211
77 	 1153 	 gene1153 	 0.210
78 	 415 	 gene415 	 0.210
79 	 1244 	 gene1244 	 0.209
80 	 1060 	 gene1060 	 0.209
81 	 802 	 gene802 	 0.208
82 	 1839 	 gene1839 	 0.208
83 	 1285 	 gene1285 	 0.208
84 	 26 	 gene26 	 0.207
85 	 1912 	 gene1912 	 0.206
86 	 1194 	 gene1194 	 0.205
87 	 892 	 gene892 	 0.204
88 	 1325 	 gene1325 	 0.204
89 	 67 	 gene67 	 0.203
90 	 994 	 gene994 	 0.202
91 	 62 	 gene62 	 0.201
92 	 772 	 gene772 	 0.200
93 	 1943 	 gene1943 	 0.199
94 	 1414 	 gene1414 	 0.198
95 	 359 	 gene359 	 0.198
96 	 1873 	 gene1873 	 0.197
97 	 1209 	 gene1209 	 0.196
98 	 1574 	 gene1574 	 0.194
99 	 1887 	 gene1887 	 0.192
100 	 1549 	 gene1549 	 0.190
1 	 1635 	 gene1635 	 0.430
2 	 1328 	 gene1328 	 4.692
3 	 1014 	 gene1014 	 4.025
4 	 1370 	 gene1370 	 2.718
5 	 377 	 gene377 	 2.557
6 	 1154 	 gene1154 	 2.325
7 	 1325 	 gene1325 	 2.158
8 	 1004 	 gene1004 	 2.329
9 	 972 	 gene972 	 1.987
10 	 1256 	 gene1256 	 1.993
11 	 1473 	 gene1473 	 1.996
12 	 1546 	 gene1546 	 2.094
13 	 391 	 gene391 	 2.165
14 	 639 	 gene639 	 1.901
15 	 1843 	 gene1843 	 1.899
16 	 493 	 gene493 	 1.830
17 	 979 	 gene979 	 1.778
18 	 419 	 gene419 	 1.737
19 	 1772 	 gene1772 	 1.706
20 	 739 	 gene739 	 1.680
21 	 1196 	 gene1196 	 1.656
22 	 1668 	 gene1668 	 1.672
23 	 766 	 gene766 	 1.666
24 	 625 	 gene625 	 1.681
25 	 765 	 gene765 	 1.664
26 	 698 	 gene698 	 1.662
27 	 1799 	 gene1799 	 1.578
28 	 1042 	 gene1042 	 1.583
29 	 453 	 gene453 	 1.533
30 	 1894 	 gene1894 	 1.550
31 	 1943 	 gene1943 	 1.579
32 	 1353 	 gene1353 	 1.607
33 	 1884 	 gene1884 	 1.562
34 	 1892 	 gene1892 	 1.551
35 	 1549 	 gene1549 	 1.562
36 	 1970 	 gene1970 	 1.519
37 	 1582 	 gene1582 	 1.510
38 	 1912 	 gene1912 	 1.495
39 	 581 	 gene581 	 1.522
40 	 1924 	 gene1924 	 1.523
41 	 1870 	 gene1870 	 1.531
42 	 411 	 gene411 	 1.521
43 	 897 	 gene897 	 1.505
44 	 627 	 gene627 	 1.497
45 	 137 	 gene137 	 1.525
46 	 286 	 gene286 	 1.455
47 	 1334 	 gene1334 	 1.458
48 	 1733 	 gene1733 	 1.462
49 	 229 	 gene229 	 1.471
50 	 1411 	 gene1411 	 1.479
51 	 1387 	 gene1387 	 1.461
52 	 564 	 gene564 	 1.466
53 	 1372 	 gene1372 	 1.477
54 	 1451 	 gene1451 	 1.476
55 	 732 	 gene732 	 1.473
56 	 14 	 gene14 	 1.477
57 	 772 	 gene772 	 1.471
58 	 249 	 gene249 	 1.464
59 	 1803 	 gene1803 	 1.455
60 	 1058 	 gene1058 	 1.429
61 	 1959 	 gene1959 	 1.420
62 	 1898 	 gene1898 	 1.438
63 	 359 	 gene359 	 1.452
64 	 1534 	 gene1534 	 1.438
65 	 1231 	 gene1231 	 1.450
66 	 1887 	 gene1887 	 1.442
67 	 354 	 gene354 	 1.453
68 	 1671 	 gene1671 	 1.425
69 	 1346 	 gene1346 	 1.417
70 	 1366 	 gene1366 	 1.426
71 	 1209 	 gene1209 	 1.418
72 	 1326 	 gene1326 	 1.419
73 	 1967 	 gene1967 	 1.407
74 	 561 	 gene561 	 1.404
75 	 1347 	 gene1347 	 1.406
76 	 1771 	 gene1771 	 1.410
77 	 1032 	 gene1032 	 1.415
78 	 1810 	 gene1810 	 1.403
79 	 1406 	 gene1406 	 1.400
80 	 807 	 gene807 	 1.407
81 	 1920 	 gene1920 	 1.399
82 	 513 	 gene513 	 1.410
83 	 1423 	 gene1423 	 1.378
84 	 1210 	 gene1210 	 1.369
85 	 1897 	 gene1897 	 1.372
86 	 1108 	 gene1108 	 1.359
87 	 1466 	 gene1466 	 1.370
88 	 1472 	 gene1472 	 1.360
89 	 345 	 gene345 	 1.363
90 	 812 	 gene812 	 1.363
91 	 1886 	 gene1886 	 1.355
92 	 1574 	 gene1574 	 1.357
93 	 1727 	 gene1727 	 1.351
94 	 67 	 gene67 	 1.352
95 	 138 	 gene138 	 1.341
96 	 245 	 gene245 	 1.329
97 	 1836 	 gene1836 	 1.326
98 	 1938 	 gene1938 	 1.309
99 	 365 	 gene365 	 1.317
100 	 1570 	 gene1570 	 1.323