1 	 3320 	 Attr3320 	 0.459
2 	 6281 	 Attr6281 	 0.425
3 	 804 	 Attr804 	 0.391
4 	 6184 	 Attr6184 	 0.376
5 	 1962 	 Attr1962 	 0.344
6 	 1829 	 Attr1829 	 0.344
7 	 2121 	 Attr2121 	 0.334
8 	 1674 	 Attr1674 	 0.334
9 	 6677 	 Attr6677 	 0.325
10 	 2363 	 Attr2363 	 0.324
1 	 3320 	 Attr3320 	 0.459
2 	 6215 	 Attr6215 	 3.009
3 	 5593 	 Attr5593 	 2.530
4 	 5087 	 Attr5087 	 2.428
5 	 1962 	 Attr1962 	 2.328
6 	 3341 	 Attr3341 	 2.204
7 	 2439 	 Attr2439 	 2.087
8 	 2121 	 Attr2121 	 1.924
9 	 5984 	 Attr5984 	 1.799
10 	 2363 	 Attr2363 	 1.809