1 	 6855 	 Attr6855 	 0.626
2 	 2354 	 Attr2354 	 0.626
3 	 4847 	 Attr4847 	 0.594
4 	 1834 	 Attr1834 	 0.541
5 	 1882 	 Attr1882 	 0.536
6 	 3252 	 Attr3252 	 0.532
7 	 2121 	 Attr2121 	 0.528
8 	 6041 	 Attr6041 	 0.514
9 	 1745 	 Attr1745 	 0.503
10 	 1144 	 Attr1144 	 0.496
1 	 6855 	 Attr6855 	 0.626
2 	 5119 	 Attr5119 	 2.587
3 	 400 	 Attr400 	 2.856
4 	 2063 	 Attr2063 	 3.376
5 	 2793 	 Attr2793 	 3.722
6 	 1120 	 Attr1120 	 3.102
7 	 1745 	 Attr1745 	 3.020
8 	 6225 	 Attr6225 	 2.641
9 	 1381 	 Attr1381 	 2.532
10 	 2121 	 Attr2121 	 2.501