1 	 6855 	 Attr6855 	 0.626
2 	 2354 	 Attr2354 	 0.626
3 	 4847 	 Attr4847 	 0.594
4 	 1834 	 Attr1834 	 0.541
5 	 1882 	 Attr1882 	 0.536
6 	 3252 	 Attr3252 	 0.532
7 	 2121 	 Attr2121 	 0.528
8 	 6041 	 Attr6041 	 0.514
9 	 1745 	 Attr1745 	 0.503
10 	 1144 	 Attr1144 	 0.496
11 	 2288 	 Attr2288 	 0.494
12 	 4328 	 Attr4328 	 0.490
13 	 1685 	 Attr1685 	 0.466
14 	 1829 	 Attr1829 	 0.450
15 	 2642 	 Attr2642 	 0.444
16 	 758 	 Attr758 	 0.442
17 	 1779 	 Attr1779 	 0.441
18 	 804 	 Attr804 	 0.440
19 	 4196 	 Attr4196 	 0.419
20 	 4366 	 Attr4366 	 0.418
1 	 6855 	 Attr6855 	 0.626
2 	 6041 	 Attr6041 	 0.230
3 	 2354 	 Attr2354 	 0.197
4 	 2121 	 Attr2121 	 0.163
5 	 1779 	 Attr1779 	 0.164
6 	 4847 	 Attr4847 	 0.178
7 	 1834 	 Attr1834 	 0.161
8 	 1882 	 Attr1882 	 0.144
9 	 3252 	 Attr3252 	 0.149
10 	 3847 	 Attr3847 	 0.154
11 	 1144 	 Attr1144 	 0.148
12 	 2642 	 Attr2642 	 0.140
13 	 1745 	 Attr1745 	 0.149
14 	 5593 	 Attr5593 	 0.137
15 	 2441 	 Attr2441 	 0.127
16 	 4328 	 Attr4328 	 0.127
17 	 1829 	 Attr1829 	 0.128
18 	 758 	 Attr758 	 0.124
19 	 4377 	 Attr4377 	 0.128
20 	 804 	 Attr804 	 0.128