1 	 3320 	 Attr3320 	 0.459
2 	 6281 	 Attr6281 	 0.425
3 	 804 	 Attr804 	 0.391
4 	 6184 	 Attr6184 	 0.376
5 	 1962 	 Attr1962 	 0.344
6 	 1829 	 Attr1829 	 0.344
7 	 2121 	 Attr2121 	 0.334
8 	 1674 	 Attr1674 	 0.334
9 	 6677 	 Attr6677 	 0.325
10 	 2363 	 Attr2363 	 0.324
11 	 4847 	 Attr4847 	 0.318
12 	 2439 	 Attr2439 	 0.316
13 	 1087 	 Attr1087 	 0.306
14 	 5984 	 Attr5984 	 0.306
15 	 1882 	 Attr1882 	 0.303
16 	 2111 	 Attr2111 	 0.301
17 	 6347 	 Attr6347 	 0.293
18 	 770 	 Attr770 	 0.292
19 	 5772 	 Attr5772 	 0.282
20 	 3012 	 Attr3012 	 0.281
21 	 1745 	 Attr1745 	 0.278
22 	 3784 	 Attr3784 	 0.278
23 	 3341 	 Attr3341 	 0.277
24 	 6797 	 Attr6797 	 0.273
25 	 6803 	 Attr6803 	 0.273
26 	 3647 	 Attr3647 	 0.273
27 	 1144 	 Attr1144 	 0.273
28 	 7119 	 Attr7119 	 0.273
29 	 4973 	 Attr4973 	 0.268
30 	 4196 	 Attr4196 	 0.266
31 	 6005 	 Attr6005 	 0.262
32 	 3507 	 Attr3507 	 0.258
33 	 6855 	 Attr6855 	 0.258
34 	 490 	 Attr490 	 0.257
35 	 6919 	 Attr6919 	 0.255
36 	 1834 	 Attr1834 	 0.255
37 	 3729 	 Attr3729 	 0.252
38 	 1135 	 Attr1135 	 0.251
39 	 2020 	 Attr2020 	 0.249
40 	 173 	 Attr173 	 0.247
41 	 4229 	 Attr4229 	 0.247
42 	 4609 	 Attr4609 	 0.245
43 	 2402 	 Attr2402 	 0.244
44 	 2288 	 Attr2288 	 0.244
45 	 6806 	 Attr6806 	 0.244
46 	 3258 	 Attr3258 	 0.244
47 	 5833 	 Attr5833 	 0.243
48 	 5087 	 Attr5087 	 0.243
49 	 590 	 Attr590 	 0.239
50 	 2084 	 Attr2084 	 0.238
51 	 6021 	 Attr6021 	 0.237
52 	 3252 	 Attr3252 	 0.233
53 	 2626 	 Attr2626 	 0.233
54 	 1081 	 Attr1081 	 0.233
55 	 4167 	 Attr4167 	 0.232
56 	 3336 	 Attr3336 	 0.229
57 	 5723 	 Attr5723 	 0.229
58 	 3342 	 Attr3342 	 0.228
59 	 2137 	 Attr2137 	 0.228
60 	 3004 	 Attr3004 	 0.227
61 	 1827 	 Attr1827 	 0.226
62 	 400 	 Attr400 	 0.224
63 	 4328 	 Attr4328 	 0.223
64 	 4366 	 Attr4366 	 0.223
65 	 235 	 Attr235 	 0.222
66 	 5823 	 Attr5823 	 0.221
67 	 5062 	 Attr5062 	 0.221
68 	 1802 	 Attr1802 	 0.220
69 	 6162 	 Attr6162 	 0.219
70 	 2276 	 Attr2276 	 0.219
71 	 695 	 Attr695 	 0.219
72 	 1779 	 Attr1779 	 0.216
73 	 4764 	 Attr4764 	 0.216
74 	 3561 	 Attr3561 	 0.216
75 	 774 	 Attr774 	 0.216
76 	 2641 	 Attr2641 	 0.215
77 	 3904 	 Attr3904 	 0.215
78 	 321 	 Attr321 	 0.215
79 	 1260 	 Attr1260 	 0.214
80 	 1630 	 Attr1630 	 0.213
81 	 3778 	 Attr3778 	 0.213
82 	 4504 	 Attr4504 	 0.212
83 	 833 	 Attr833 	 0.209
84 	 1147 	 Attr1147 	 0.209
85 	 396 	 Attr396 	 0.208
86 	 4291 	 Attr4291 	 0.208
87 	 4582 	 Attr4582 	 0.207
88 	 878 	 Attr878 	 0.207
89 	 2441 	 Attr2441 	 0.206
90 	 88 	 Attr88 	 0.206
91 	 1615 	 Attr1615 	 0.206
92 	 5373 	 Attr5373 	 0.206
93 	 585 	 Attr585 	 0.205
94 	 4535 	 Attr4535 	 0.205
95 	 3939 	 Attr3939 	 0.204
96 	 120 	 Attr120 	 0.204
97 	 3847 	 Attr3847 	 0.202
98 	 7044 	 Attr7044 	 0.202
99 	 3631 	 Attr3631 	 0.202
100 	 2181 	 Attr2181 	 0.202
1 	 3320 	 Attr3320 	 0.459
2 	 6215 	 Attr6215 	 3.009
3 	 5593 	 Attr5593 	 2.530
4 	 5087 	 Attr5087 	 2.428
5 	 1962 	 Attr1962 	 2.328
6 	 3341 	 Attr3341 	 2.204
7 	 2439 	 Attr2439 	 2.087
8 	 2121 	 Attr2121 	 1.924
9 	 5984 	 Attr5984 	 1.799
10 	 2363 	 Attr2363 	 1.809
11 	 2288 	 Attr2288 	 1.851
12 	 1144 	 Attr1144 	 1.852
13 	 804 	 Attr804 	 1.835
14 	 6184 	 Attr6184 	 1.798
15 	 6281 	 Attr6281 	 1.699
16 	 3252 	 Attr3252 	 1.669
17 	 1882 	 Attr1882 	 1.702
18 	 668 	 Attr668 	 1.696
19 	 1779 	 Attr1779 	 1.662
20 	 6201 	 Attr6201 	 1.663
21 	 6347 	 Attr6347 	 1.670
22 	 1829 	 Attr1829 	 1.642
23 	 490 	 Attr490 	 1.627
24 	 4847 	 Attr4847 	 1.613
25 	 3729 	 Attr3729 	 1.611
26 	 1933 	 Attr1933 	 1.603
27 	 1674 	 Attr1674 	 1.587
28 	 3647 	 Attr3647 	 1.566
29 	 396 	 Attr396 	 1.556
30 	 5823 	 Attr5823 	 1.521
31 	 3012 	 Attr3012 	 1.550
32 	 6677 	 Attr6677 	 1.526
33 	 7119 	 Attr7119 	 1.517
34 	 3605 	 Attr3605 	 1.512
35 	 5932 	 Attr5932 	 1.526
36 	 6803 	 Attr6803 	 1.520
37 	 695 	 Attr695 	 1.494
38 	 2546 	 Attr2546 	 1.490
39 	 412 	 Attr412 	 1.504
40 	 4609 	 Attr4609 	 1.507
41 	 5062 	 Attr5062 	 1.506
42 	 2137 	 Attr2137 	 1.498
43 	 4951 	 Attr4951 	 1.474
44 	 1135 	 Attr1135 	 1.478
45 	 2111 	 Attr2111 	 1.474
46 	 4196 	 Attr4196 	 1.476
47 	 4167 	 Attr4167 	 1.471
48 	 1834 	 Attr1834 	 1.451
49 	 6200 	 Attr6200 	 1.470
50 	 6477 	 Attr6477 	 1.453
51 	 4973 	 Attr4973 	 1.446
52 	 6919 	 Attr6919 	 1.446
53 	 2394 	 Attr2394 	 1.463
54 	 2020 	 Attr2020 	 1.458
55 	 770 	 Attr770 	 1.444
56 	 6797 	 Attr6797 	 1.436
57 	 2402 	 Attr2402 	 1.437
58 	 590 	 Attr590 	 1.428
59 	 6021 	 Attr6021 	 1.421
60 	 400 	 Attr400 	 1.420
61 	 3004 	 Attr3004 	 1.411
62 	 1745 	 Attr1745 	 1.413
63 	 3130 	 Attr3130 	 1.398
64 	 5772 	 Attr5772 	 1.404
65 	 2475 	 Attr2475 	 1.380
66 	 6806 	 Attr6806 	 1.382
67 	 6645 	 Attr6645 	 1.392
68 	 4903 	 Attr4903 	 1.382
69 	 3258 	 Attr3258 	 1.384
70 	 5377 	 Attr5377 	 1.383
71 	 1087 	 Attr1087 	 1.362
72 	 1817 	 Attr1817 	 1.357
73 	 3904 	 Attr3904 	 1.362
74 	 4328 	 Attr4328 	 1.356
75 	 4664 	 Attr4664 	 1.357
76 	 4499 	 Attr4499 	 1.358
77 	 1802 	 Attr1802 	 1.368
78 	 5274 	 Attr5274 	 1.366
79 	 4052 	 Attr4052 	 1.348
80 	 2485 	 Attr2485 	 1.354
81 	 2084 	 Attr2084 	 1.352
82 	 6967 	 Attr6967 	 1.354
83 	 4697 	 Attr4697 	 1.359
84 	 1291 	 Attr1291 	 1.356
85 	 6801 	 Attr6801 	 1.355
86 	 2043 	 Attr2043 	 1.345
87 	 3507 	 Attr3507 	 1.336
88 	 2645 	 Attr2645 	 1.337
89 	 6162 	 Attr6162 	 1.343
90 	 5723 	 Attr5723 	 1.328
91 	 6283 	 Attr6283 	 1.314
92 	 1630 	 Attr1630 	 1.313
93 	 6257 	 Attr6257 	 1.314
94 	 5039 	 Attr5039 	 1.310
95 	 4504 	 Attr4504 	 1.308
96 	 6094 	 Attr6094 	 1.310
97 	 3336 	 Attr3336 	 1.303
98 	 321 	 Attr321 	 1.302
99 	 275 	 Attr275 	 1.286
100 	 1147 	 Attr1147 	 1.288