1 	 6855 	 Attr6855 	 0.626
2 	 2354 	 Attr2354 	 0.626
3 	 4847 	 Attr4847 	 0.594
4 	 1834 	 Attr1834 	 0.541
5 	 1882 	 Attr1882 	 0.536
6 	 3252 	 Attr3252 	 0.532
7 	 2121 	 Attr2121 	 0.528
8 	 6041 	 Attr6041 	 0.514
9 	 1745 	 Attr1745 	 0.503
10 	 1144 	 Attr1144 	 0.496
11 	 2288 	 Attr2288 	 0.494
12 	 4328 	 Attr4328 	 0.490
13 	 1685 	 Attr1685 	 0.466
14 	 1829 	 Attr1829 	 0.450
15 	 2642 	 Attr2642 	 0.444
16 	 758 	 Attr758 	 0.442
17 	 1779 	 Attr1779 	 0.441
18 	 804 	 Attr804 	 0.440
19 	 4196 	 Attr4196 	 0.419
20 	 4366 	 Attr4366 	 0.418
21 	 4973 	 Attr4973 	 0.417
22 	 2020 	 Attr2020 	 0.408
23 	 5593 	 Attr5593 	 0.396
24 	 5501 	 Attr5501 	 0.394
25 	 6806 	 Attr6806 	 0.390
26 	 4229 	 Attr4229 	 0.389
27 	 6919 	 Attr6919 	 0.387
28 	 2111 	 Attr2111 	 0.383
29 	 2402 	 Attr2402 	 0.383
30 	 4680 	 Attr4680 	 0.382
31 	 6797 	 Attr6797 	 0.382
32 	 2441 	 Attr2441 	 0.381
33 	 2363 	 Attr2363 	 0.376
34 	 4438 	 Attr4438 	 0.373
35 	 2335 	 Attr2335 	 0.372
36 	 1928 	 Attr1928 	 0.372
37 	 3847 	 Attr3847 	 0.372
38 	 3320 	 Attr3320 	 0.365
39 	 1909 	 Attr1909 	 0.365
40 	 4377 	 Attr4377 	 0.363
41 	 235 	 Attr235 	 0.358
42 	 6283 	 Attr6283 	 0.358
43 	 5039 	 Attr5039 	 0.358
44 	 6225 	 Attr6225 	 0.355
45 	 2348 	 Attr2348 	 0.355
46 	 4535 	 Attr4535 	 0.342
47 	 6803 	 Attr6803 	 0.339
48 	 4582 	 Attr4582 	 0.337
49 	 2141 	 Attr2141 	 0.334
50 	 6185 	 Attr6185 	 0.332
51 	 321 	 Attr321 	 0.331
52 	 5772 	 Attr5772 	 0.330
53 	 7119 	 Attr7119 	 0.330
54 	 1674 	 Attr1674 	 0.328
55 	 4167 	 Attr4167 	 0.328
56 	 6281 	 Attr6281 	 0.328
57 	 3722 	 Attr3722 	 0.326
58 	 6539 	 Attr6539 	 0.324
59 	 1260 	 Attr1260 	 0.322
60 	 4373 	 Attr4373 	 0.319
61 	 6376 	 Attr6376 	 0.319
62 	 1630 	 Attr1630 	 0.319
63 	 4894 	 Attr4894 	 0.319
64 	 4609 	 Attr4609 	 0.314
65 	 6201 	 Attr6201 	 0.312
66 	 173 	 Attr173 	 0.310
67 	 5087 	 Attr5087 	 0.308
68 	 6373 	 Attr6373 	 0.308
69 	 2546 	 Attr2546 	 0.308
70 	 4211 	 Attr4211 	 0.308
71 	 1400 	 Attr1400 	 0.303
72 	 6702 	 Attr6702 	 0.303
73 	 1740 	 Attr1740 	 0.301
74 	 6257 	 Attr6257 	 0.301
75 	 6162 	 Attr6162 	 0.301
76 	 1926 	 Attr1926 	 0.300
77 	 6167 	 Attr6167 	 0.299
78 	 6623 	 Attr6623 	 0.297
79 	 5688 	 Attr5688 	 0.297
80 	 4082 	 Attr4082 	 0.296
81 	 1081 	 Attr1081 	 0.296
82 	 1725 	 Attr1725 	 0.295
83 	 6005 	 Attr6005 	 0.292
84 	 4499 	 Attr4499 	 0.292
85 	 6974 	 Attr6974 	 0.290
86 	 4107 	 Attr4107 	 0.289
87 	 922 	 Attr922 	 0.289
88 	 3422 	 Attr3422 	 0.289
89 	 2439 	 Attr2439 	 0.289
90 	 1239 	 Attr1239 	 0.286
91 	 5833 	 Attr5833 	 0.286
92 	 3631 	 Attr3631 	 0.284
93 	 4472 	 Attr4472 	 0.283
94 	 4951 	 Attr4951 	 0.282
95 	 4291 	 Attr4291 	 0.281
96 	 6847 	 Attr6847 	 0.281
97 	 2855 	 Attr2855 	 0.281
98 	 6472 	 Attr6472 	 0.281
99 	 3507 	 Attr3507 	 0.280
100 	 5984 	 Attr5984 	 0.280
1 	 6855 	 Attr6855 	 0.626
2 	 6041 	 Attr6041 	 0.230
3 	 2354 	 Attr2354 	 0.197
4 	 2121 	 Attr2121 	 0.163
5 	 1779 	 Attr1779 	 0.164
6 	 4847 	 Attr4847 	 0.178
7 	 1834 	 Attr1834 	 0.161
8 	 1882 	 Attr1882 	 0.144
9 	 3252 	 Attr3252 	 0.149
10 	 3847 	 Attr3847 	 0.154
11 	 1144 	 Attr1144 	 0.148
12 	 2642 	 Attr2642 	 0.140
13 	 1745 	 Attr1745 	 0.149
14 	 5593 	 Attr5593 	 0.137
15 	 2441 	 Attr2441 	 0.127
16 	 4328 	 Attr4328 	 0.127
17 	 1829 	 Attr1829 	 0.128
18 	 758 	 Attr758 	 0.124
19 	 4377 	 Attr4377 	 0.128
20 	 804 	 Attr804 	 0.128
21 	 5039 	 Attr5039 	 0.128
22 	 1685 	 Attr1685 	 0.136
23 	 2288 	 Attr2288 	 0.129
24 	 2020 	 Attr2020 	 0.124
25 	 1928 	 Attr1928 	 0.128
26 	 6539 	 Attr6539 	 0.123
27 	 4438 	 Attr4438 	 0.123
28 	 4973 	 Attr4973 	 0.121
29 	 4951 	 Attr4951 	 0.117
30 	 2402 	 Attr2402 	 0.120
31 	 6162 	 Attr6162 	 0.120
32 	 4366 	 Attr4366 	 0.123
33 	 321 	 Attr321 	 0.120
34 	 2363 	 Attr2363 	 0.117
35 	 4535 	 Attr4535 	 0.113
36 	 6806 	 Attr6806 	 0.113
37 	 1909 	 Attr1909 	 0.113
38 	 4229 	 Attr4229 	 0.115
39 	 6225 	 Attr6225 	 0.114
40 	 4291 	 Attr4291 	 0.112
41 	 6283 	 Attr6283 	 0.115
42 	 3320 	 Attr3320 	 0.117
43 	 4196 	 Attr4196 	 0.116
44 	 2739 	 Attr2739 	 0.116
45 	 4894 	 Attr4894 	 0.112
46 	 4680 	 Attr4680 	 0.114
47 	 6167 	 Attr6167 	 0.114
48 	 1239 	 Attr1239 	 0.115
49 	 2111 	 Attr2111 	 0.115
50 	 4211 	 Attr4211 	 0.113
51 	 3631 	 Attr3631 	 0.114
52 	 3722 	 Attr3722 	 0.115
53 	 6919 	 Attr6919 	 0.115
54 	 6257 	 Attr6257 	 0.113
55 	 1630 	 Attr1630 	 0.113
56 	 668 	 Attr668 	 0.111
57 	 5501 	 Attr5501 	 0.112
58 	 4609 	 Attr4609 	 0.111
59 	 2348 	 Attr2348 	 0.108
60 	 4373 	 Attr4373 	 0.109
61 	 4137 	 Attr4137 	 0.109
62 	 7119 	 Attr7119 	 0.109
63 	 6974 	 Attr6974 	 0.109
64 	 1740 	 Attr1740 	 0.108
65 	 6797 	 Attr6797 	 0.108
66 	 2546 	 Attr2546 	 0.108
67 	 4447 	 Attr4447 	 0.108
68 	 4480 	 Attr4480 	 0.107
69 	 6847 	 Attr6847 	 0.107
70 	 6623 	 Attr6623 	 0.109
71 	 6376 	 Attr6376 	 0.109
72 	 4499 	 Attr4499 	 0.107
73 	 6281 	 Attr6281 	 0.107
74 	 2276 	 Attr2276 	 0.107
75 	 235 	 Attr235 	 0.107
76 	 2335 	 Attr2335 	 0.105
77 	 2141 	 Attr2141 	 0.103
78 	 5772 	 Attr5772 	 0.104
79 	 1207 	 Attr1207 	 0.102
80 	 3183 	 Attr3183 	 0.102
81 	 2063 	 Attr2063 	 0.102
82 	 1400 	 Attr1400 	 0.102
83 	 1081 	 Attr1081 	 0.103
84 	 1926 	 Attr1926 	 0.102
85 	 6215 	 Attr6215 	 0.102
86 	 1450 	 Attr1450 	 0.102
87 	 3507 	 Attr3507 	 0.102
88 	 5552 	 Attr5552 	 0.102
89 	 6049 	 Attr6049 	 0.101
90 	 6185 	 Attr6185 	 0.103
91 	 6201 	 Attr6201 	 0.102
92 	 490 	 Attr490 	 0.102
93 	 4582 	 Attr4582 	 0.102
94 	 5087 	 Attr5087 	 0.101
95 	 412 	 Attr412 	 0.101
96 	 6472 	 Attr6472 	 0.101
97 	 5984 	 Attr5984 	 0.101
98 	 2485 	 Attr2485 	 0.101
99 	 288 	 Attr288 	 0.101
100 	 3422 	 Attr3422 	 0.101