1 	 6855 	 Attr6855 	 0.626
2 	 2354 	 Attr2354 	 0.626
3 	 4847 	 Attr4847 	 0.594
4 	 1834 	 Attr1834 	 0.541
5 	 1882 	 Attr1882 	 0.536
6 	 3252 	 Attr3252 	 0.532
7 	 2121 	 Attr2121 	 0.528
8 	 6041 	 Attr6041 	 0.514
9 	 1745 	 Attr1745 	 0.503
10 	 1144 	 Attr1144 	 0.496
11 	 2288 	 Attr2288 	 0.494
12 	 4328 	 Attr4328 	 0.490
13 	 1685 	 Attr1685 	 0.466
14 	 1829 	 Attr1829 	 0.450
15 	 2642 	 Attr2642 	 0.444
16 	 758 	 Attr758 	 0.442
17 	 1779 	 Attr1779 	 0.441
18 	 804 	 Attr804 	 0.440
19 	 4196 	 Attr4196 	 0.419
20 	 4366 	 Attr4366 	 0.418
21 	 4973 	 Attr4973 	 0.417
22 	 2020 	 Attr2020 	 0.408
23 	 5593 	 Attr5593 	 0.396
24 	 5501 	 Attr5501 	 0.394
25 	 6806 	 Attr6806 	 0.390
26 	 4229 	 Attr4229 	 0.389
27 	 6919 	 Attr6919 	 0.387
28 	 2111 	 Attr2111 	 0.383
29 	 2402 	 Attr2402 	 0.383
30 	 4680 	 Attr4680 	 0.382
1 	 6855 	 Attr6855 	 0.626
2 	 5119 	 Attr5119 	 2.587
3 	 400 	 Attr400 	 2.856
4 	 2063 	 Attr2063 	 3.376
5 	 2793 	 Attr2793 	 3.722
6 	 1120 	 Attr1120 	 3.102
7 	 1745 	 Attr1745 	 3.020
8 	 6225 	 Attr6225 	 2.641
9 	 1381 	 Attr1381 	 2.532
10 	 2121 	 Attr2121 	 2.501
11 	 2354 	 Attr2354 	 2.424
12 	 4377 	 Attr4377 	 2.211
13 	 4951 	 Attr4951 	 2.141
14 	 1041 	 Attr1041 	 2.186
15 	 2739 	 Attr2739 	 2.217
16 	 6539 	 Attr6539 	 2.265
17 	 4847 	 Attr4847 	 2.215
18 	 3939 	 Attr3939 	 2.140
19 	 4823 	 Attr4823 	 2.187
20 	 4438 	 Attr4438 	 2.240
21 	 6041 	 Attr6041 	 2.184
22 	 1834 	 Attr1834 	 2.148
23 	 5593 	 Attr5593 	 2.093
24 	 4447 	 Attr4447 	 2.077
25 	 1779 	 Attr1779 	 2.088
26 	 3847 	 Attr3847 	 2.098
27 	 1882 	 Attr1882 	 2.101
28 	 1144 	 Attr1144 	 2.050
29 	 758 	 Attr758 	 1.989
30 	 1928 	 Attr1928 	 1.958