1 	 6855 	 Attr6855 	 0.626
2 	 2354 	 Attr2354 	 0.626
3 	 4847 	 Attr4847 	 0.594
4 	 1834 	 Attr1834 	 0.541
5 	 1882 	 Attr1882 	 0.536
6 	 3252 	 Attr3252 	 0.532
7 	 2121 	 Attr2121 	 0.528
8 	 6041 	 Attr6041 	 0.514
9 	 1745 	 Attr1745 	 0.503
10 	 1144 	 Attr1144 	 0.496
1 	 6855 	 Attr6855 	 0.626
2 	 6041 	 Attr6041 	 0.230
3 	 2354 	 Attr2354 	 0.197
4 	 2121 	 Attr2121 	 0.163
5 	 1779 	 Attr1779 	 0.164
6 	 4847 	 Attr4847 	 0.178
7 	 1834 	 Attr1834 	 0.161
8 	 1882 	 Attr1882 	 0.144
9 	 3252 	 Attr3252 	 0.149
10 	 3847 	 Attr3847 	 0.154