1 	 6855 	 Attr6855 	 0.626
2 	 2354 	 Attr2354 	 0.626
3 	 4847 	 Attr4847 	 0.594
4 	 1834 	 Attr1834 	 0.541
5 	 1882 	 Attr1882 	 0.536
6 	 3252 	 Attr3252 	 0.532
7 	 2121 	 Attr2121 	 0.528
8 	 6041 	 Attr6041 	 0.514
9 	 1745 	 Attr1745 	 0.503
10 	 1144 	 Attr1144 	 0.496
11 	 2288 	 Attr2288 	 0.494
12 	 4328 	 Attr4328 	 0.490
13 	 1685 	 Attr1685 	 0.466
14 	 1829 	 Attr1829 	 0.450
15 	 2642 	 Attr2642 	 0.444
16 	 758 	 Attr758 	 0.442
17 	 1779 	 Attr1779 	 0.441
18 	 804 	 Attr804 	 0.440
19 	 4196 	 Attr4196 	 0.419
20 	 4366 	 Attr4366 	 0.418
21 	 4973 	 Attr4973 	 0.417
22 	 2020 	 Attr2020 	 0.408
23 	 5593 	 Attr5593 	 0.396
24 	 5501 	 Attr5501 	 0.394
25 	 6806 	 Attr6806 	 0.390
26 	 4229 	 Attr4229 	 0.389
27 	 6919 	 Attr6919 	 0.387
28 	 2111 	 Attr2111 	 0.383
29 	 2402 	 Attr2402 	 0.383
30 	 4680 	 Attr4680 	 0.382
31 	 6797 	 Attr6797 	 0.382
32 	 2441 	 Attr2441 	 0.381
33 	 2363 	 Attr2363 	 0.376
34 	 4438 	 Attr4438 	 0.373
35 	 2335 	 Attr2335 	 0.372
36 	 1928 	 Attr1928 	 0.372
37 	 3847 	 Attr3847 	 0.372
38 	 3320 	 Attr3320 	 0.365
39 	 1909 	 Attr1909 	 0.365
40 	 4377 	 Attr4377 	 0.363
41 	 235 	 Attr235 	 0.358
42 	 6283 	 Attr6283 	 0.358
43 	 5039 	 Attr5039 	 0.358
44 	 6225 	 Attr6225 	 0.355
45 	 2348 	 Attr2348 	 0.355
46 	 4535 	 Attr4535 	 0.342
47 	 6803 	 Attr6803 	 0.339
48 	 4582 	 Attr4582 	 0.337
49 	 2141 	 Attr2141 	 0.334
50 	 6185 	 Attr6185 	 0.332
1 	 6855 	 Attr6855 	 0.626
2 	 6041 	 Attr6041 	 0.230
3 	 2354 	 Attr2354 	 0.197
4 	 2121 	 Attr2121 	 0.163
5 	 1779 	 Attr1779 	 0.164
6 	 4847 	 Attr4847 	 0.178
7 	 1834 	 Attr1834 	 0.161
8 	 1882 	 Attr1882 	 0.144
9 	 3252 	 Attr3252 	 0.149
10 	 3847 	 Attr3847 	 0.154
11 	 1144 	 Attr1144 	 0.148
12 	 2642 	 Attr2642 	 0.140
13 	 1745 	 Attr1745 	 0.149
14 	 5593 	 Attr5593 	 0.137
15 	 2441 	 Attr2441 	 0.127
16 	 4328 	 Attr4328 	 0.127
17 	 1829 	 Attr1829 	 0.128
18 	 758 	 Attr758 	 0.124
19 	 4377 	 Attr4377 	 0.128
20 	 804 	 Attr804 	 0.128
21 	 5039 	 Attr5039 	 0.128
22 	 1685 	 Attr1685 	 0.136
23 	 2288 	 Attr2288 	 0.129
24 	 2020 	 Attr2020 	 0.124
25 	 1928 	 Attr1928 	 0.128
26 	 6539 	 Attr6539 	 0.123
27 	 4438 	 Attr4438 	 0.123
28 	 4973 	 Attr4973 	 0.121
29 	 4951 	 Attr4951 	 0.117
30 	 2402 	 Attr2402 	 0.120
31 	 6162 	 Attr6162 	 0.120
32 	 4366 	 Attr4366 	 0.123
33 	 321 	 Attr321 	 0.120
34 	 2363 	 Attr2363 	 0.117
35 	 4535 	 Attr4535 	 0.113
36 	 6806 	 Attr6806 	 0.113
37 	 1909 	 Attr1909 	 0.113
38 	 4229 	 Attr4229 	 0.115
39 	 6225 	 Attr6225 	 0.114
40 	 4291 	 Attr4291 	 0.112
41 	 6283 	 Attr6283 	 0.115
42 	 3320 	 Attr3320 	 0.117
43 	 4196 	 Attr4196 	 0.116
44 	 2739 	 Attr2739 	 0.116
45 	 4894 	 Attr4894 	 0.112
46 	 4680 	 Attr4680 	 0.114
47 	 6167 	 Attr6167 	 0.114
48 	 1239 	 Attr1239 	 0.115
49 	 2111 	 Attr2111 	 0.115
50 	 4211 	 Attr4211 	 0.113