1 	 6855 	 Attr6855 	 0.626
2 	 2354 	 Attr2354 	 0.626
3 	 4847 	 Attr4847 	 0.594
4 	 1834 	 Attr1834 	 0.541
5 	 1882 	 Attr1882 	 0.536
6 	 3252 	 Attr3252 	 0.532
7 	 2121 	 Attr2121 	 0.528
8 	 6041 	 Attr6041 	 0.514
9 	 1745 	 Attr1745 	 0.503
10 	 1144 	 Attr1144 	 0.496
11 	 2288 	 Attr2288 	 0.494
12 	 4328 	 Attr4328 	 0.490
13 	 1685 	 Attr1685 	 0.466
14 	 1829 	 Attr1829 	 0.450
15 	 2642 	 Attr2642 	 0.444
16 	 758 	 Attr758 	 0.442
17 	 1779 	 Attr1779 	 0.441
18 	 804 	 Attr804 	 0.440
19 	 4196 	 Attr4196 	 0.419
20 	 4366 	 Attr4366 	 0.418
21 	 4973 	 Attr4973 	 0.417
22 	 2020 	 Attr2020 	 0.408
23 	 5593 	 Attr5593 	 0.396
24 	 5501 	 Attr5501 	 0.394
25 	 6806 	 Attr6806 	 0.390
26 	 4229 	 Attr4229 	 0.389
27 	 6919 	 Attr6919 	 0.387
28 	 2111 	 Attr2111 	 0.383
29 	 2402 	 Attr2402 	 0.383
30 	 4680 	 Attr4680 	 0.382
31 	 6797 	 Attr6797 	 0.382
32 	 2441 	 Attr2441 	 0.381
33 	 2363 	 Attr2363 	 0.376
34 	 4438 	 Attr4438 	 0.373
35 	 2335 	 Attr2335 	 0.372
36 	 1928 	 Attr1928 	 0.372
37 	 3847 	 Attr3847 	 0.372
38 	 3320 	 Attr3320 	 0.365
39 	 1909 	 Attr1909 	 0.365
40 	 4377 	 Attr4377 	 0.363
41 	 235 	 Attr235 	 0.358
42 	 6283 	 Attr6283 	 0.358
43 	 5039 	 Attr5039 	 0.358
44 	 6225 	 Attr6225 	 0.355
45 	 2348 	 Attr2348 	 0.355
46 	 4535 	 Attr4535 	 0.342
47 	 6803 	 Attr6803 	 0.339
48 	 4582 	 Attr4582 	 0.337
49 	 2141 	 Attr2141 	 0.334
50 	 6185 	 Attr6185 	 0.332
1 	 6855 	 Attr6855 	 0.626
2 	 5119 	 Attr5119 	 2.587
3 	 400 	 Attr400 	 2.856
4 	 2063 	 Attr2063 	 3.376
5 	 2793 	 Attr2793 	 3.722
6 	 1120 	 Attr1120 	 3.102
7 	 1745 	 Attr1745 	 3.020
8 	 6225 	 Attr6225 	 2.641
9 	 1381 	 Attr1381 	 2.532
10 	 2121 	 Attr2121 	 2.501
11 	 2354 	 Attr2354 	 2.424
12 	 4377 	 Attr4377 	 2.211
13 	 4951 	 Attr4951 	 2.141
14 	 1041 	 Attr1041 	 2.186
15 	 2739 	 Attr2739 	 2.217
16 	 6539 	 Attr6539 	 2.265
17 	 4847 	 Attr4847 	 2.215
18 	 3939 	 Attr3939 	 2.140
19 	 4823 	 Attr4823 	 2.187
20 	 4438 	 Attr4438 	 2.240
21 	 6041 	 Attr6041 	 2.184
22 	 1834 	 Attr1834 	 2.148
23 	 5593 	 Attr5593 	 2.093
24 	 4447 	 Attr4447 	 2.077
25 	 1779 	 Attr1779 	 2.088
26 	 3847 	 Attr3847 	 2.098
27 	 1882 	 Attr1882 	 2.101
28 	 1144 	 Attr1144 	 2.050
29 	 758 	 Attr758 	 1.989
30 	 1928 	 Attr1928 	 1.958
31 	 5039 	 Attr5039 	 1.935
32 	 3252 	 Attr3252 	 1.937
33 	 6167 	 Attr6167 	 1.909
34 	 538 	 Attr538 	 1.904
35 	 4480 	 Attr4480 	 1.923
36 	 6162 	 Attr6162 	 1.940
37 	 1239 	 Attr1239 	 1.935
38 	 1829 	 Attr1829 	 1.937
39 	 2441 	 Attr2441 	 1.919
40 	 6184 	 Attr6184 	 1.923
41 	 4973 	 Attr4973 	 1.892
42 	 880 	 Attr880 	 1.875
43 	 1685 	 Attr1685 	 1.900
44 	 6974 	 Attr6974 	 1.865
45 	 4211 	 Attr4211 	 1.880
46 	 4328 	 Attr4328 	 1.869
47 	 3714 	 Attr3714 	 1.859
48 	 3183 	 Attr3183 	 1.861
49 	 5240 	 Attr5240 	 1.882
50 	 2402 	 Attr2402 	 1.886