1 	 6855 	 Attr6855 	 0.626
2 	 2354 	 Attr2354 	 0.626
3 	 4847 	 Attr4847 	 0.594
4 	 1834 	 Attr1834 	 0.541
5 	 1882 	 Attr1882 	 0.536
6 	 3252 	 Attr3252 	 0.532
7 	 2121 	 Attr2121 	 0.528
8 	 6041 	 Attr6041 	 0.514
9 	 1745 	 Attr1745 	 0.503
10 	 1144 	 Attr1144 	 0.496
11 	 2288 	 Attr2288 	 0.494
12 	 4328 	 Attr4328 	 0.490
13 	 1685 	 Attr1685 	 0.466
14 	 1829 	 Attr1829 	 0.450
15 	 2642 	 Attr2642 	 0.444
16 	 758 	 Attr758 	 0.442
17 	 1779 	 Attr1779 	 0.441
18 	 804 	 Attr804 	 0.440
19 	 4196 	 Attr4196 	 0.419
20 	 4366 	 Attr4366 	 0.418
1 	 6855 	 Attr6855 	 0.626
2 	 5119 	 Attr5119 	 2.587
3 	 400 	 Attr400 	 2.856
4 	 2063 	 Attr2063 	 3.376
5 	 2793 	 Attr2793 	 3.722
6 	 1120 	 Attr1120 	 3.102
7 	 1745 	 Attr1745 	 3.020
8 	 6225 	 Attr6225 	 2.641
9 	 1381 	 Attr1381 	 2.532
10 	 2121 	 Attr2121 	 2.501
11 	 2354 	 Attr2354 	 2.424
12 	 4377 	 Attr4377 	 2.211
13 	 4951 	 Attr4951 	 2.141
14 	 1041 	 Attr1041 	 2.186
15 	 2739 	 Attr2739 	 2.217
16 	 6539 	 Attr6539 	 2.265
17 	 4847 	 Attr4847 	 2.215
18 	 3939 	 Attr3939 	 2.140
19 	 4823 	 Attr4823 	 2.187
20 	 4438 	 Attr4438 	 2.240