1 	 3320 	 Attr3320 	 0.459
2 	 6281 	 Attr6281 	 0.425
3 	 804 	 Attr804 	 0.391
4 	 6184 	 Attr6184 	 0.376
5 	 1962 	 Attr1962 	 0.344
6 	 1829 	 Attr1829 	 0.344
7 	 2121 	 Attr2121 	 0.334
8 	 1674 	 Attr1674 	 0.334
9 	 6677 	 Attr6677 	 0.325
10 	 2363 	 Attr2363 	 0.324
11 	 4847 	 Attr4847 	 0.318
12 	 2439 	 Attr2439 	 0.316
13 	 1087 	 Attr1087 	 0.306
14 	 5984 	 Attr5984 	 0.306
15 	 1882 	 Attr1882 	 0.303
16 	 2111 	 Attr2111 	 0.301
17 	 6347 	 Attr6347 	 0.293
18 	 770 	 Attr770 	 0.292
19 	 5772 	 Attr5772 	 0.282
20 	 3012 	 Attr3012 	 0.281
1 	 3320 	 Attr3320 	 0.459
2 	 2363 	 Attr2363 	 0.175
3 	 1674 	 Attr1674 	 0.169
4 	 804 	 Attr804 	 0.202
5 	 6281 	 Attr6281 	 0.155
6 	 6184 	 Attr6184 	 0.157
7 	 2121 	 Attr2121 	 0.115
8 	 1962 	 Attr1962 	 0.122
9 	 2439 	 Attr2439 	 0.105
10 	 5984 	 Attr5984 	 0.111
11 	 1882 	 Attr1882 	 0.099
12 	 3012 	 Attr3012 	 0.098
13 	 1829 	 Attr1829 	 0.097
14 	 1144 	 Attr1144 	 0.101
15 	 4847 	 Attr4847 	 0.093
16 	 490 	 Attr490 	 0.091
17 	 3729 	 Attr3729 	 0.088
18 	 3252 	 Attr3252 	 0.091
19 	 6347 	 Attr6347 	 0.092
20 	 3341 	 Attr3341 	 0.089