1 	 3320 	 Attr3320 	 0.459
2 	 6281 	 Attr6281 	 0.425
3 	 804 	 Attr804 	 0.391
4 	 6184 	 Attr6184 	 0.376
5 	 1962 	 Attr1962 	 0.344
6 	 1829 	 Attr1829 	 0.344
7 	 2121 	 Attr2121 	 0.334
8 	 1674 	 Attr1674 	 0.334
9 	 6677 	 Attr6677 	 0.325
10 	 2363 	 Attr2363 	 0.324
1 	 3320 	 Attr3320 	 0.459
2 	 2363 	 Attr2363 	 0.175
3 	 1674 	 Attr1674 	 0.169
4 	 804 	 Attr804 	 0.202
5 	 6281 	 Attr6281 	 0.155
6 	 6184 	 Attr6184 	 0.157
7 	 2121 	 Attr2121 	 0.115
8 	 1962 	 Attr1962 	 0.122
9 	 2439 	 Attr2439 	 0.105
10 	 5984 	 Attr5984 	 0.111